lambda_LEDs=[365
405
430
490
525
630
810
940]'; % [nm]
resolution = 0.0334; % #[mm] for 1 pixel (3x3 binning)